=== Pesos Finais ===

--- Camada 1 (oculta, 20 neuronios) ---
Neuronio 1: bias=0.177451 | pesos=[-0.338172, -0.545354, 0.145524, 0.127764, -0.180854, -0.413917, -0.121784, -0.471465, 0.114308, 0.238386, 0.127877, 0.016325, -0.114164, -0.056225, 0.126839, -0.214734, -0.113548, 0.181553, 0.329737, -0.251665, 0.000048, 0.346592, -0.343278, 0.355300, -0.124076, 0.108706, -0.422502, -0.211433, 0.523987, -0.321426, 0.125767, -0.134898, -0.362214, 0.135987, -0.089161, 0.024592, 0.145702, 0.232219, 0.336620, 0.043282, -0.073985, -0.638419, 0.165381, -0.142571, 0.097112, -0.055067, 0.345609, 0.112622, -0.094163, 0.126397, 0.358127, 0.132653, 0.269171, -0.026196, 0.368366, 0.149048, 0.225398, -0.047254, -0.273442, 0.122927, -0.380749, 0.356198, 0.248475]
Neuronio 2: bias=0.028172 | pesos=[0.115102, 0.181161, 0.186166, -0.379545, 0.479587, 0.275291, 0.438413, -0.125984, 0.194081, 0.097975, -0.105188, 0.275044, 0.474481, -0.259262, 0.293807, 0.234827, 0.189874, 0.085375, 0.082736, -0.057638, 0.069500, -0.024535, 0.309829, -0.486934, 0.110085, -0.394822, 0.228653, -0.076293, 0.201823, 0.010614, -0.091558, 0.156896, -0.081281, 0.135471, 0.064708, 0.030111, -0.118442, -0.415418, 0.137805, -0.231099, 0.086449, 0.190870, 0.150346, 0.216225, -0.296597, -0.397189, -0.114943, -0.222949, -0.271956, -0.003072, 0.115031, 0.102896, -0.033118, 0.288982, 0.104021, 0.042064, -0.180523, -0.086003, 0.289022, 0.143044, 0.340781, -0.486832, -0.460019]
Neuronio 3: bias=0.368842 | pesos=[0.204285, -0.029454, -0.379647, -0.081566, -0.322641, 0.447338, 0.655633, 0.017042, -0.663638, -0.151824, 0.051983, 0.117267, -0.070891, -0.100804, -0.140025, 0.158291, 0.369517, 0.095607, 0.308866, 0.152122, -0.756971, -0.190032, -0.252873, 0.192444, 0.039239, 0.032758, 0.243150, -0.606898, -0.540663, 0.589507, 0.556638, 0.003086, 0.234588, 0.016378, -0.539624, -0.519769, -0.073168, 0.252921, 0.271721, 0.044046, 0.420751, -1.005854, 0.015968, 0.334815, 0.141919, 0.214709, 0.322012, 0.811804, -0.804365, 0.509408, 0.094477, 0.068612, -0.298789, 0.182363, 0.074675, -0.227985, 0.161700, 0.097452, -0.155486, -0.255805, -0.190810, 0.255421, 0.918638]
Neuronio 4: bias=-0.034331 | pesos=[-0.013072, 0.245638, -0.136218, 0.265366, 0.320440, -0.684921, 0.041934, 0.059210, 0.027648, 0.050920, 0.237208, -0.402142, 0.444620, -0.827400, -0.027576, -0.125741, 0.274412, -0.157677, -0.005481, 0.145664, -0.119809, 0.018148, 0.129453, -0.146622, -0.196847, 0.068596, -0.305346, 0.406416, -0.305535, -0.231609, -0.064864, -0.308751, -0.262730, -0.595321, 0.070175, -0.074246, -0.171559, -0.239980, 0.111522, 0.201819, -0.182612, 0.230978, 0.048032, -0.035041, -0.312660, -0.121803, -0.282198, 0.030775, 0.086581, -0.140158, -0.105977, 0.086523, -0.099179, -0.171902, 0.394857, -0.443507, 0.108916, 0.465841, -0.028465, 0.160704, -0.011134, -0.648113, -0.280065]
Neuronio 5: bias=0.021248 | pesos=[-0.404632, -0.680058, 0.075657, 0.511983, -0.007952, -0.705892, -0.289639, -0.356863, 0.272538, 0.014590, 0.262195, -0.374417, 0.286835, 0.291883, -0.052228, -0.462795, 0.311380, 0.058634, -0.118797, -0.214384, 0.140848, -0.236227, -0.625988, 0.039810, -0.517960, 0.775373, -0.424433, 0.328442, 0.154564, -0.703432, -0.188349, 0.079079, 0.062443, 0.029254, 0.054526, 0.096390, 0.350554, 0.032695, -0.157386, 0.259835, 0.425211, 0.051625, 0.540561, -0.075864, 0.114467, -0.306109, -0.403560, 0.198198, 0.384665, -0.361442, 0.224791, -0.122614, 0.098787, -0.336415, -0.086183, 0.134986, 0.037748, -0.237100, -0.251404, 0.489150, 0.286134, 0.014247, 0.291386]
Neuronio 6: bias=-0.134711 | pesos=[-0.176110, -0.032818, -0.458522, 0.171598, 0.183546, 0.071633, -0.542220, 0.193192, -0.785950, 0.090082, -0.134400, -0.298405, -0.084169, 0.134953, -0.495875, 0.199631, 0.157959, -0.289801, -0.579445, 0.250249, 0.692850, -0.456999, 0.255861, -0.040978, -0.387329, 0.369156, 0.591517, 0.596985, -0.158890, -0.241943, 0.111406, 0.073601, 0.058002, 0.598481, 0.465394, -0.438601, -0.350475, -0.088619, -0.322441, -0.160666, 0.184169, 1.057197, -0.130981, 0.430016, -0.333143, -0.073856, -0.171500, -0.015961, 0.534531, -0.053493, -0.214185, -0.077662, 0.066708, -0.263728, 0.070828, -0.022603, 0.113519, -0.052233, 0.044693, 0.256917, 0.195102, -0.009212, -0.936630]
Neuronio 7: bias=0.006499 | pesos=[-0.101625, 0.099903, -0.326480, -0.057313, -0.483037, -0.622940, -0.446600, 0.339990, -0.627601, -0.016695, 0.264514, -0.426429, 0.373880, -0.062525, -0.390070, -0.014221, 0.240985, 0.145660, -0.065009, -0.233426, 0.428180, -0.814662, 0.324357, 0.134663, -0.525250, 0.200416, 0.092989, 1.059803, -0.341820, -0.074500, 0.079573, -0.360217, -0.209690, 0.180745, 0.420580, -0.327500, 0.385839, 0.003818, -0.065026, 0.143601, 0.299680, 1.043638, -0.166979, 0.242518, 0.109130, 0.171897, -0.264104, 0.528431, 0.552743, 0.484808, -0.360556, 0.153297, 0.004362, -0.406553, 0.185610, 0.123025, 0.346874, 0.367710, 0.096381, 0.095711, 0.127258, -0.340229, -0.250422]
Neuronio 8: bias=0.226889 | pesos=[-0.086749, 0.190966, -0.299885, -0.914059, -0.047635, 0.127759, 0.044166, 0.202943, -0.247297, -0.284842, -0.257100, 0.517045, 0.466006, -0.981703, -0.180188, 0.442829, 0.267113, 0.552944, 0.034756, 0.279113, -0.289295, 0.057417, 0.314280, -0.025896, -0.211067, -0.535132, 0.007319, 0.349042, -0.023155, 0.093748, -0.183161, -0.375897, -0.319528, -0.192347, 0.291728, -0.013247, 0.086430, 0.174785, 0.468313, -0.296062, 0.309473, 0.343386, -0.340465, 0.434498, -0.184625, 0.158552, 0.327951, 0.153573, -0.255229, 0.448487, -0.048256, 0.144671, -0.237865, 0.578170, 0.723601, -0.663282, 0.368892, 0.520075, 0.155004, -0.130023, -0.586481, -0.541577, -0.477193]
Neuronio 9: bias=0.132015 | pesos=[-0.235151, -0.472343, 0.472238, 0.223818, -0.317907, -0.742898, -0.053173, -0.598201, 0.534066, 0.144082, 0.459255, 0.128158, 0.063853, -0.049037, 0.275149, -0.088488, 0.187503, 0.253350, -0.006360, -0.399475, 0.042873, 0.496592, -0.365986, 0.472797, -0.427137, 0.248518, -0.637916, -0.174388, 0.175070, 0.025698, 0.126032, -0.342326, -0.246872, -0.235658, 0.126593, 0.417576, 0.449420, 0.240481, 0.419932, 0.304236, -0.265016, -0.153639, 0.387715, -0.291092, -0.056069, 0.295388, 0.409749, -0.284753, 0.362373, 0.023858, 0.343266, 0.075137, -0.132500, -0.351168, 0.140395, -0.022127, -0.003236, -0.342110, -0.307098, -0.026451, -0.277591, -0.052961, 0.042066]
Neuronio 10: bias=-0.079899 | pesos=[0.241236, 0.014774, 0.526511, 0.137335, 0.114328, -0.181731, 0.617534, -0.093851, 0.499111, -0.248994, -0.026714, -0.048958, -0.105440, 0.054635, 0.379584, 0.332745, -0.242961, 0.259687, 0.257011, -0.151046, -0.344611, 0.483469, -0.048499, -0.059200, 0.261170, -0.252435, -0.463350, -0.315621, 0.126456, 0.007351, -0.044111, 0.020566, -0.015498, -0.460605, -0.283886, 0.242258, 0.049530, -0.238545, 0.058104, -0.137662, -0.605697, -0.807933, 0.144870, -0.486061, -0.268289, 0.087972, 0.012695, -0.684405, -0.068203, 0.069386, 0.116466, -0.050608, 0.268814, -0.019904, 0.034367, -0.307737, 0.050667, 0.121597, 0.155667, -0.216633, 0.052837, -0.405518, 0.136380]
Neuronio 11: bias=-0.121033 | pesos=[0.339820, 0.463524, 0.297775, -0.014830, 0.339033, 0.203966, -0.089188, 0.344747, 0.370971, 0.068141, -0.297951, 0.339261, -0.441603, 0.235664, 0.109745, 0.476473, -0.373201, -0.062893, 0.040373, -0.288988, 0.301212, 0.137122, 0.127202, -0.167173, 0.098593, -0.218508, -0.363982, 0.246916, 0.076930, 0.328143, 0.238694, 0.139696, 0.080201, -0.454804, 0.257955, 0.093144, 0.279592, -0.147018, -0.205685, -0.246715, -0.688125, 0.418098, 0.204643, -0.029374, -0.038020, 0.226706, 0.201127, -0.727494, 0.403936, 0.032841, 0.103964, -0.106788, -0.149748, 0.266553, -0.237425, -0.271543, 0.322208, 0.315585, -0.273032, -0.174676, -0.129416, 0.386650, -0.276912]
Neuronio 12: bias=-0.136927 | pesos=[-0.024471, -0.045845, 0.177102, 0.073734, 0.611912, 1.133767, 0.265504, -0.059828, -0.096245, -0.065288, -0.279374, 0.122232, -0.203400, 0.621744, 0.130200, -0.142377, -0.134564, -0.429445, -0.380268, 0.388443, 0.304033, 0.299695, -0.089652, -0.310508, 0.469367, -0.310053, 0.696869, -0.387043, 0.099152, -0.079964, -0.251530, 0.320071, 0.132922, 0.276354, -0.383600, -0.042643, -0.336447, -0.130708, -0.330706, -0.230841, -0.394270, -0.349653, 0.129063, 0.079201, -0.123198, -0.064681, -0.419576, -0.225315, -0.300620, -0.314300, 0.272249, 0.189406, 0.284505, 0.176303, -0.421472, 0.666606, -0.574028, -0.738150, -0.085289, 0.262390, 0.214571, 0.580694, -0.238755]
Neuronio 13: bias=-0.209420 | pesos=[0.225783, 0.704100, -0.180567, 0.200935, 0.632497, 0.177211, 0.007598, 0.474253, -0.762213, 0.228505, 0.104466, -0.194725, -0.276501, 0.267827, -0.459003, 0.192428, 0.126676, -0.669353, -0.390521, 0.096478, -0.151311, -0.384542, -0.250543, -0.226907, 0.269755, -0.055242, 0.363897, 0.403389, -0.567877, 0.281673, -0.041244, 0.452187, 0.827456, -0.191657, -0.148181, -0.360185, -0.163949, -0.508016, -0.594377, 0.050806, 0.197013, 0.331951, -0.678593, 0.264717, 0.213508, -0.368563, -0.864378, 0.112974, 0.052781, 0.162592, -0.376279, -0.025735, 0.032090, -0.065130, -0.363452, 0.334580, 0.110850, 0.644002, -0.020161, 0.431066, 0.868518, -0.355920, -0.169740]
Neuronio 14: bias=-0.105342 | pesos=[0.639735, 0.396076, -0.161013, -0.346612, -0.260436, 0.296033, -0.680330, 0.484113, -0.064010, -0.097859, -0.310720, 0.631839, -0.165059, -0.321970, 0.278669, 0.275271, -0.115551, 0.009154, -0.114993, -0.079556, 0.548846, -0.159934, 0.708259, -0.064521, -0.016448, -0.165031, -0.300937, 0.166911, -0.010835, 0.566756, 0.224761, -0.208928, -0.054255, -0.035072, 0.240237, -0.160211, 0.071915, -0.012653, -0.026660, -0.103634, -0.420262, 0.843218, -0.401080, 0.142241, -0.376825, 0.298685, 0.305843, -0.259882, 0.394043, 0.036302, -0.372106, 0.263180, -0.228932, 0.489927, 0.182539, -0.366978, 0.129670, 0.351000, -0.281264, -0.404836, -0.576800, 0.281674, -0.485237]
Neuronio 15: bias=0.258178 | pesos=[0.142900, 0.450556, -0.188931, -0.536716, -0.077562, 0.295452, 0.522246, 0.203591, 0.291373, 0.167502, 0.015217, 0.482933, 0.744449, -0.775472, 0.298092, 0.275889, 0.101982, 0.180434, 0.309796, 0.435406, -0.533127, 0.091079, 0.214764, -0.394032, -0.110862, -0.560688, 0.039477, -0.172807, -0.225530, 0.451961, -0.220235, -0.398377, -0.405407, -0.231687, -0.021573, 0.212834, -0.031882, 0.152590, 0.081344, -0.565822, 0.040406, -0.394026, -0.133562, 0.117917, -0.393713, -0.062151, 0.306792, 0.365746, -0.322080, -0.197217, 0.130614, 0.038274, -0.227927, 0.188450, 0.476537, -0.487848, -0.009806, 0.496510, -0.039649, -0.144856, 0.045337, -0.556593, 0.127190]
Neuronio 16: bias=-0.134772 | pesos=[0.424024, -0.167807, -0.441369, 0.185085, -0.462197, 0.544899, -0.442982, 0.082946, -0.412866, -0.109588, 0.286162, -0.098747, -0.675283, 0.732405, -0.400865, 0.114791, -0.346235, 0.055908, -0.055113, -0.285753, 0.058802, -0.391587, 0.194133, 0.708099, 0.333061, 0.451359, -0.403896, -0.296948, -0.075311, 0.482000, 0.527660, 0.222240, 0.789437, 0.171407, -0.084760, -0.085193, 0.408152, 0.055690, 0.305283, 0.156763, -0.113312, -0.260037, -0.023663, -0.076206, 0.079764, 0.166051, 0.121907, -0.112546, 0.025372, 0.647278, -0.276496, -0.139632, 0.031385, 0.117307, -0.724967, 0.208382, 0.136191, 0.139226, -0.363173, -0.180192, -0.282471, 0.877875, 0.630881]
Neuronio 17: bias=-0.069353 | pesos=[-0.084125, 0.158391, 0.448623, 0.379329, 0.794597, -0.767006, 0.535467, -0.139651, 0.292513, 0.139632, -0.152131, -0.326752, 0.256031, -0.353182, 0.431089, 0.022607, -0.094615, -0.153073, -0.104548, -0.101252, -0.260525, 0.190213, -0.471501, -0.312607, -0.086681, 0.119198, -0.694392, -0.140869, 0.079541, -0.312612, -0.560243, 0.339132, 0.132770, -0.696973, 0.084692, 0.062747, -0.077442, -0.293969, -0.290578, -0.230901, -0.392627, -0.602193, -0.222065, -0.152432, -0.237401, -0.482264, -0.609005, -0.299258, -0.275443, -0.110278, 0.138051, 0.120651, 0.189429, -0.372005, 0.425983, 0.157517, -0.060197, 0.342945, 0.309216, 0.407279, 0.288537, -0.708152, 0.545831]
Neuronio 18: bias=0.249912 | pesos=[-0.286318, -0.443541, 0.049850, -0.693790, -0.112724, 0.942843, -0.239956, -0.099356, -0.114463, 0.232436, -0.531172, 0.418646, 0.202475, 0.738045, -0.185040, -0.227518, 0.052343, -0.162765, -0.061061, 0.386695, 0.744683, 0.019211, 0.141751, 0.003421, -0.109590, -0.344194, 0.914530, -0.164271, 0.529610, -0.051807, 0.253271, -0.336018, -0.338169, 0.997965, -0.174226, 0.094766, -0.377684, 0.112078, -0.161816, -0.082297, 0.149199, -0.096646, 0.208927, -0.050895, -0.055338, -0.175716, 0.123158, 0.244840, 0.276021, -0.468623, 0.676934, 0.019031, 0.356762, 0.442174, -0.223624, 0.361066, 0.022756, -1.023088, 0.221822, -0.210000, -0.386549, 0.800248, -0.743350]
Neuronio 19: bias=0.280454 | pesos=[-0.120521, -0.641776, -0.000371, -0.770541, -0.180137, 0.365513, 0.107801, -0.025290, 0.421669, -0.055916, -0.286456, 0.511573, 0.789773, -0.189554, 0.415465, 0.124576, 0.147220, 0.435782, 0.115442, 0.274058, -0.289761, 0.273572, 0.232485, -0.001794, -0.116438, -0.267044, 0.470267, -0.441063, 0.365500, -0.144203, -0.171371, -0.273933, -0.937507, 0.072090, -0.165133, 0.154846, -0.197007, 0.297044, 0.093016, -0.106058, 0.083905, -0.222311, 0.223109, -0.049832, -0.197069, -0.236501, 0.567301, 0.001665, -0.020945, -0.189457, 0.520304, 0.004162, 0.138845, -0.013700, 0.692634, -0.199805, -0.475330, -0.439025, 0.104991, -0.003238, -0.250702, -0.184818, -0.340210]
Neuronio 20: bias=0.102430 | pesos=[-0.173566, -0.556678, -0.366211, 0.147075, -0.180448, 0.437024, -0.123152, -0.345398, -0.707179, 0.306740, -0.013599, -0.189648, -0.050597, -0.175209, -0.357662, -0.407009, 0.017309, -0.316303, -0.142331, 0.363883, -0.267481, -0.215278, -0.356742, 0.072207, 0.085556, 0.262044, 0.478488, -0.215861, -0.406907, -0.068649, -0.042428, -0.032025, 0.054791, 0.222188, -0.024296, -0.451600, -0.284371, -0.160737, -0.130177, 0.030942, 0.537315, 0.017837, -0.103349, 0.074930, -0.012933, -0.324072, -0.343030, 0.731625, -0.004785, 0.096279, 0.025949, -0.065893, 0.135989, -0.028234, 0.482065, -0.079485, -0.214169, -0.448818, -0.126052, 0.240140, 0.151395, 0.158793, -0.338826]

--- Camada 2 (saida, 7 neuronios) ---
Neuronio 1: bias=-0.218238 | pesos=[0.749352, -1.675864, 1.061310, -0.212423, 1.628376, -0.320275, 0.765562, -0.380579, 0.871297, -0.917315, -1.383730, -1.941729, -0.554809, -1.294115, -1.363161, 1.200567, -0.736923, -0.737154, -1.034255, 0.403467]
Neuronio 2: bias=-0.782648 | pesos=[-1.295340, -0.280127, -1.864850, -1.361255, -0.764621, 1.916505, 0.228771, -1.274113, -1.169254, -1.209817, 0.638895, 0.901622, 0.729129, 0.743880, -2.488794, 1.023023, -1.860439, 1.240976, -0.987192, -0.234615]
Neuronio 3: bias=-0.324496 | pesos=[0.485427, 0.297646, -2.146720, -0.018761, 1.020151, -1.101649, -1.602929, -1.677713, 1.527067, 0.819015, -0.627909, 0.529242, -1.535816, -1.860809, -0.617095, -1.828925, 0.745703, 0.536267, 0.895604, -0.545098]
Neuronio 4: bias=-0.883489 | pesos=[-1.036116, 0.289076, -1.998448, 1.590375, -0.440284, 0.490525, 1.510876, 1.012156, -0.306630, -0.230873, 0.219399, -1.955689, 0.688428, 0.368125, 0.157539, -2.198181, 1.174093, -2.826724, -0.705055, -0.901148]
Neuronio 5: bias=-0.647021 | pesos=[-0.762310, -0.186825, 1.320803, -0.494280, -1.248995, -2.095284, -2.381738, -1.236582, -0.822387, 0.928394, 0.142624, 0.690314, 2.017631, -0.898553, -0.277049, 0.619250, 1.062055, -1.718845, -2.210688, -0.887468]
Neuronio 6: bias=-0.766898 | pesos=[-0.912167, 0.485676, 0.623218, -0.118999, -0.733634, 0.357668, -0.328574, 0.611979, -1.935472, -1.358227, -2.488285, 0.187223, 0.357580, -1.431691, 0.753441, -1.784886, -0.624055, 1.073164, 0.936177, 1.884111]
Neuronio 7: bias=-0.614752 | pesos=[-0.012741, -0.377069, 0.572887, -0.808695, -2.177495, -1.641124, -1.454352, 2.182897, 0.214178, 0.178262, 0.133439, -1.222676, -2.521692, 1.246437, 1.206616, 0.231694, -1.650092, 0.211731, 0.727540, -1.110570]
