=== Pesos Iniciais ===

--- Camada 1 (oculta, 20 neuronios) ---
Neuronio 1: bias=0.000000 | pesos=[-0.061684, -0.020810, 0.045755, -0.101460, 0.100938, 0.002204, -0.214379, -0.007856, -0.253353, 0.242295, -0.135062, 0.011102, -0.147793, -0.139321, -0.064854, 0.101051, -0.210012, -0.126633, 0.110606, -0.071769, 0.080381, 0.097716, -0.060768, 0.068285, -0.005123, -0.237611, -0.142912, 0.038602, 0.268825, -0.096236, 0.084707, 0.027993, -0.195719, 0.140491, 0.127103, -0.180085, -0.069681, 0.039481, 0.122268, -0.210709, -0.223967, -0.090700, -0.239418, 0.122171, -0.060412, -0.197042, 0.125254, 0.075716, -0.174631, 0.185170, 0.068317, 0.222515, 0.204367, 0.050557, 0.236645, 0.145741, 0.230995, 0.218159, -0.166296, 0.256873, -0.221934, 0.260086, -0.032732]
Neuronio 2: bias=0.000000 | pesos=[0.008368, 0.041590, 0.111956, -0.226237, 0.209672, 0.162729, 0.225781, -0.172531, 0.060329, 0.037438, 0.103788, 0.213160, 0.146966, -0.123224, 0.180725, 0.079468, 0.194514, 0.168085, 0.158836, -0.202889, 0.074647, -0.119615, 0.175371, -0.242635, 0.160231, -0.064650, 0.090867, -0.115138, 0.153537, -0.038049, 0.107169, 0.195684, 0.104798, 0.241151, -0.038233, -0.037491, 0.006806, -0.263120, 0.156991, -0.091177, 0.167634, 0.141032, 0.257323, 0.135010, -0.119859, -0.205441, -0.086065, -0.230714, -0.199491, 0.167446, -0.058379, 0.065318, -0.011990, 0.250174, -0.173377, 0.115865, -0.028146, -0.095064, 0.124663, -0.021600, 0.188083, -0.198572, -0.247531]
Neuronio 3: bias=0.000000 | pesos=[0.257754, 0.079191, 0.130065, 0.022091, -0.100582, 0.185365, -0.131471, 0.025016, -0.265521, 0.064321, -0.254962, -0.086817, 0.073814, 0.250592, 0.108322, 0.234125, 0.254512, -0.081790, -0.137407, -0.175189, 0.029937, -0.034513, -0.002146, -0.255483, -0.070577, -0.038340, 0.119320, -0.124690, 0.126576, 0.246663, 0.228437, -0.053661, -0.083465, 0.018754, -0.089292, -0.197070, -0.210212, -0.141892, -0.019940, -0.083601, -0.160571, -0.115112, 0.200248, 0.179311, -0.055800, 0.040916, 0.118825, 0.216755, -0.189274, 0.157789, 0.255552, -0.006966, -0.137142, -0.145696, -0.071052, -0.212902, -0.056405, -0.238560, -0.187565, -0.123193, -0.022762, -0.059526, -0.003100]
Neuronio 4: bias=0.000000 | pesos=[0.081284, 0.106395, -0.248128, 0.114058, 0.179748, -0.016416, -0.061004, 0.190402, -0.041097, 0.037110, 0.132293, -0.264795, -0.078028, -0.243672, -0.155018, -0.087044, 0.152217, -0.193717, 0.064421, 0.157620, 0.029330, 0.042524, 0.220549, 0.157905, 0.134372, 0.118902, -0.137532, 0.110407, -0.265873, -0.049445, 0.257694, -0.173626, 0.017886, -0.210518, -0.140146, -0.049336, -0.178419, -0.162720, 0.103112, 0.209946, -0.266064, 0.154132, 0.238612, -0.072344, -0.226034, 0.063986, -0.153401, -0.101887, 0.051694, -0.131074, -0.144564, 0.068894, -0.046994, -0.006015, -0.139752, -0.216643, 0.141815, 0.213383, -0.074556, 0.001684, -0.161437, 0.062846, -0.236002]
Neuronio 5: bias=0.000000 | pesos=[0.110797, -0.143216, -0.174842, -0.235240, 0.046863, 0.093702, -0.020878, 0.226498, 0.124278, -0.077188, -0.146015, 0.142630, 0.186530, 0.146421, -0.067893, 0.056210, 0.028238, 0.011710, -0.021291, 0.088572, -0.087362, -0.257225, -0.166709, -0.007513, -0.206044, 0.209996, -0.218037, 0.226237, -0.158509, -0.131647, -0.125861, 0.162036, 0.156504, -0.184278, 0.130117, 0.043742, 0.219594, 0.045986, -0.144676, -0.198441, 0.208971, 0.170002, 0.198598, 0.220576, -0.048703, -0.233608, -0.259318, 0.056987, -0.118879, -0.206939, -0.040326, 0.019257, -0.012104, 0.139970, -0.256762, -0.052865, 0.095596, -0.012939, -0.223166, 0.226020, -0.006862, 0.174368, 0.230580]
Neuronio 6: bias=0.000000 | pesos=[-0.019643, -0.084076, -0.254417, 0.257548, 0.257283, 0.005288, 0.255971, -0.200963, -0.260431, -0.067265, -0.173385, -0.102173, -0.210498, 0.142732, -0.218284, 0.230696, 0.049129, -0.244882, -0.223849, 0.077184, 0.114034, 0.063330, 0.105332, 0.047393, -0.268559, 0.268635, 0.086289, 0.104776, -0.210230, -0.032682, 0.266157, 0.247156, 0.123768, 0.159978, 0.154171, -0.194054, -0.192158, -0.050710, -0.037151, -0.167282, -0.014096, 0.048347, 0.120423, 0.139240, -0.207275, -0.040351, 0.067269, -0.251291, 0.082580, -0.072861, -0.031625, 0.007201, 0.115380, -0.211223, 0.090954, -0.058371, 0.127470, 0.119044, 0.092433, 0.163535, 0.005738, 0.167068, -0.229015]
Neuronio 7: bias=0.000000 | pesos=[-0.063607, -0.182121, -0.232319, -0.203006, -0.221018, -0.265343, 0.199696, 0.115417, -0.116293, -0.090869, -0.124898, -0.213172, 0.144835, 0.257724, -0.034534, -0.065553, 0.059679, -0.058365, 0.151791, -0.213557, 0.053145, -0.157381, 0.131521, 0.163527, -0.252984, -0.135695, -0.021823, 0.234681, -0.200506, 0.059802, -0.067927, -0.176868, -0.232503, -0.061033, 0.056751, 0.068708, 0.188704, -0.092717, -0.085821, 0.059400, -0.062430, 0.018524, 0.260247, -0.204667, 0.081139, 0.111057, -0.260184, 0.172098, 0.071004, 0.264702, -0.202624, 0.236145, 0.068347, -0.205031, -0.182020, 0.231762, -0.096963, 0.026054, 0.091433, 0.043117, 0.102442, -0.206313, 0.056343]
Neuronio 8: bias=0.000000 | pesos=[-0.202472, -0.091643, 0.056749, -0.243762, 0.253419, 0.220159, -0.006201, -0.097921, -0.139534, -0.224842, -0.247840, 0.041642, -0.228475, -0.206810, -0.260727, 0.187972, 0.263813, 0.257211, -0.128608, -0.009999, -0.159097, 0.196195, 0.003625, 0.167567, 0.153512, -0.127699, -0.086706, -0.030441, 0.257443, -0.205732, -0.097947, 0.061215, 0.162650, -0.016824, -0.006538, 0.056452, 0.136567, -0.057387, 0.242231, 0.038510, 0.149808, 0.084389, 0.004218, 0.106025, 0.003616, 0.062767, -0.111168, -0.104576, -0.092390, 0.192789, 0.060550, 0.132352, -0.127244, 0.158072, 0.041658, -0.144087, 0.252597, 0.228253, 0.094609, 0.105750, -0.086103, -0.109482, -0.221261]
Neuronio 9: bias=0.000000 | pesos=[-0.104537, -0.109510, 0.170506, -0.134989, 0.025037, 0.008847, 0.199766, -0.086570, -0.027460, 0.171105, 0.177329, 0.111776, -0.018648, -0.085741, 0.038791, 0.103120, 0.222126, -0.121547, -0.169716, -0.029105, -0.075023, 0.234077, -0.260930, 0.183529, -0.257272, -0.238568, -0.142329, -0.173393, -0.220853, 0.227998, 0.062129, -0.150659, 0.021503, -0.089644, 0.111597, 0.138890, 0.037333, 0.051508, 0.156349, 0.046732, -0.202674, 0.098836, -0.045642, -0.101816, -0.231023, 0.074664, 0.144138, -0.114879, 0.084284, 0.037272, 0.083239, 0.172550, -0.255802, -0.217589, 0.018155, 0.063689, -0.179262, -0.212960, -0.190897, 0.185354, -0.041255, -0.084341, -0.155969]
Neuronio 10: bias=0.000000 | pesos=[0.040020, -0.131288, 0.167085, 0.177529, 0.026203, 0.115349, 0.180855, 0.136005, -0.117893, -0.185468, 0.122699, -0.230811, -0.113085, 0.219852, -0.070865, 0.238732, -0.082461, 0.199631, 0.049192, 0.176049, 0.053094, -0.087336, -0.011988, 0.051801, 0.247964, -0.036257, 0.122238, -0.021180, -0.029185, -0.164357, 0.120416, -0.046268, 0.140350, 0.207371, -0.242048, -0.134384, -0.024152, -0.194476, -0.164091, -0.013039, -0.233127, -0.217896, -0.072467, -0.204269, -0.239234, 0.210226, -0.089785, -0.205022, 0.235181, 0.139457, -0.003176, -0.154570, 0.260076, 0.019995, 0.003305, -0.174263, 0.081764, -0.054097, 0.223183, 0.024241, 0.235510, -0.255444, -0.242903]
Neuronio 11: bias=0.000000 | pesos=[-0.187095, -0.022903, -0.106064, -0.028439, 0.243932, 0.164016, 0.201982, 0.095898, 0.071775, 0.135365, -0.108900, 0.189609, -0.247239, 0.045353, -0.080152, 0.212317, -0.064704, -0.087416, 0.051956, -0.097521, 0.014690, -0.144372, -0.148944, -0.188572, -0.107554, -0.108179, -0.055898, 0.016690, -0.191039, 0.065600, 0.170793, -0.022038, -0.085711, -0.205249, 0.041592, -0.206750, 0.058184, -0.082346, -0.234527, -0.041751, -0.229096, -0.013564, 0.136250, -0.072731, -0.023297, 0.167841, 0.186118, -0.166723, 0.190215, -0.079926, 0.216410, -0.161193, -0.237145, 0.268265, 0.064094, -0.215465, 0.112697, 0.107934, -0.247771, 0.057253, -0.050225, 0.195666, -0.210781]
Neuronio 12: bias=0.000000 | pesos=[-0.040562, 0.234254, 0.109788, 0.188779, 0.194277, 0.197209, 0.111504, 0.062048, -0.241423, -0.223262, 0.222965, 0.209035, 0.215662, -0.154855, 0.129565, -0.159970, -0.040407, -0.006378, -0.256663, 0.243462, 0.070797, 0.106932, -0.110944, -0.248596, 0.071579, -0.013791, 0.247096, 0.243605, -0.126527, -0.013031, -0.171889, -0.009350, -0.041402, -0.088538, -0.067879, -0.178513, -0.064657, 0.196278, -0.119412, -0.259887, -0.224185, -0.040910, -0.041684, 0.211662, -0.013430, 0.227921, -0.118998, -0.043916, -0.213623, 0.207234, -0.065387, 0.217814, 0.232000, 0.219582, 0.183425, 0.193955, -0.162300, -0.094907, -0.231487, 0.054021, -0.234110, 0.262157, -0.029891]
Neuronio 13: bias=0.000000 | pesos=[0.002294, 0.039743, -0.226029, -0.181829, -0.038816, -0.113110, -0.044389, 0.041163, -0.142426, 0.209978, 0.226183, 0.230305, -0.038617, 0.204196, -0.214377, 0.047833, 0.123764, -0.235652, -0.093427, -0.046674, -0.181014, -0.114774, -0.242950, 0.088389, 0.023509, 0.032443, 0.123827, 0.086962, -0.200851, 0.190923, 0.050112, -0.048866, 0.156139, -0.201764, -0.225507, -0.066076, 0.035441, -0.222032, -0.187716, 0.166661, 0.191577, -0.184302, -0.203010, -0.029001, 0.232023, -0.141120, -0.156624, -0.000656, 0.046407, 0.033650, -0.015691, -0.125464, 0.146389, 0.096657, -0.024690, 0.055118, 0.080809, 0.241800, -0.146945, -0.081563, 0.119005, -0.223364, -0.195625]
Neuronio 14: bias=0.000000 | pesos=[0.185249, -0.104669, -0.084533, 0.219416, 0.016135, 0.255998, -0.122251, 0.003684, -0.069193, 0.043491, -0.145913, 0.184140, -0.248401, -0.167915, 0.240400, -0.145102, 0.206295, -0.190008, -0.196902, -0.073211, 0.196817, -0.186120, 0.210696, -0.105440, -0.086395, 0.115552, -0.202511, -0.263472, -0.087678, 0.223101, 0.229399, 0.006249, 0.092070, 0.159156, -0.193852, -0.257027, -0.086565, -0.175473, -0.097113, 0.228624, -0.068514, 0.030515, -0.262524, -0.052035, -0.262687, 0.095244, 0.008349, 0.176565, 0.117756, -0.185692, -0.099713, 0.249371, -0.233885, 0.201967, 0.240689, 0.018300, -0.189404, 0.156651, -0.145002, 0.108647, -0.013157, 0.217720, 0.008755]
Neuronio 15: bias=0.000000 | pesos=[-0.115155, 0.219367, 0.076818, 0.042438, -0.160144, 0.191870, -0.104854, 0.117988, 0.165154, 0.172065, 0.260720, -0.033823, 0.168943, -0.172480, 0.057742, -0.022152, 0.051644, 0.023680, 0.130067, 0.174157, -0.115355, -0.046714, -0.044734, -0.151236, 0.129883, 0.051130, -0.070008, -0.193621, 0.089422, 0.059252, 0.065246, -0.118458, 0.058052, 0.074120, -0.139897, 0.129364, 0.115394, 0.050231, -0.215889, -0.246730, -0.016121, -0.109561, 0.118100, -0.126998, -0.116750, 0.068277, 0.048592, 0.196247, 0.098071, -0.231955, 0.004686, 0.001121, -0.138168, -0.229403, -0.249886, -0.234521, -0.059930, 0.268228, -0.225297, -0.142488, 0.265677, -0.042164, 0.202458]
Neuronio 16: bias=0.000000 | pesos=[0.253338, -0.207294, -0.241755, 0.193851, -0.052347, 0.154129, -0.205320, -0.205568, -0.009312, 0.099035, 0.149308, -0.193856, 0.238020, 0.267085, -0.167672, 0.176675, -0.154988, 0.039538, -0.230635, -0.135896, 0.087891, -0.257072, 0.253193, 0.218659, -0.097993, 0.179455, -0.217582, -0.159314, 0.075157, 0.235159, -0.012576, -0.111944, 0.074098, -0.036125, 0.127287, 0.030794, 0.222511, -0.168938, 0.257567, 0.134832, -0.093949, -0.237743, -0.070365, 0.006378, -0.235349, -0.237186, 0.029629, 0.113702, 0.053223, 0.243960, 0.235735, -0.159880, 0.075397, 0.040438, 0.095663, 0.052265, -0.161546, 0.073264, -0.032973, 0.258499, 0.103515, -0.013932, 0.169193]
Neuronio 17: bias=0.000000 | pesos=[-0.169014, -0.221488, -0.035157, -0.239819, 0.150341, -0.109695, -0.086506, 0.071580, -0.061981, 0.170933, -0.194424, -0.081859, 0.092141, -0.042093, 0.026344, 0.073165, -0.134696, -0.076974, -0.114513, 0.117007, 0.268383, -0.258175, -0.151316, -0.028642, 0.020837, 0.152878, -0.137219, -0.181593, 0.122230, -0.261800, -0.075368, 0.176084, 0.099284, 0.094492, 0.025531, -0.180462, -0.056088, -0.069172, -0.239598, -0.190143, -0.216716, -0.208151, -0.220847, 0.022026, -0.230136, -0.169860, -0.140951, -0.152742, -0.092323, -0.124349, 0.098104, -0.009060, 0.244410, -0.115335, 0.239364, 0.112474, -0.003541, -0.099309, 0.214644, 0.039992, -0.252328, -0.075143, 0.123550]
Neuronio 18: bias=0.000000 | pesos=[-0.259935, 0.138102, 0.217878, -0.093455, 0.091254, -0.085525, 0.095082, -0.143221, -0.223451, 0.045477, -0.186541, 0.107483, 0.155017, 0.110686, -0.145236, -0.231358, 0.072635, -0.141605, 0.033771, 0.089650, 0.031846, -0.002374, -0.170421, -0.130873, -0.168465, 0.012204, 0.163508, 0.175368, 0.148663, -0.127669, -0.051241, -0.244990, -0.129894, -0.015550, 0.053274, -0.071988, -0.180576, 0.066071, -0.244859, -0.085925, 0.113615, -0.199570, -0.169443, -0.114860, 0.082132, -0.163677, -0.254526, 0.187107, -0.047234, -0.086308, 0.224093, 0.136541, 0.219015, 0.134854, -0.181184, 0.264264, 0.194318, -0.214790, 0.049197, -0.158728, -0.254584, 0.243921, -0.083352]
Neuronio 19: bias=0.000000 | pesos=[0.081764, -0.130184, 0.079706, -0.206764, -0.005403, 0.110922, -0.221878, 0.252716, -0.027089, -0.208331, -0.076171, 0.183243, 0.217570, -0.022255, 0.139520, 0.186078, -0.004204, 0.235346, -0.038878, 0.058226, -0.261862, 0.021480, 0.169213, 0.165647, 0.104306, 0.084546, 0.136829, -0.023951, 0.027458, -0.075504, 0.017381, 0.188913, -0.175211, -0.144666, -0.074149, -0.093598, -0.029793, 0.209598, -0.238110, -0.079419, -0.007018, 0.242719, -0.054129, -0.037375, 0.119484, -0.044330, 0.107965, -0.165469, 0.200605, 0.203581, -0.041185, 0.120760, 0.113517, -0.242669, 0.119805, -0.075729, -0.213901, 0.028422, -0.117867, 0.138861, -0.005658, -0.053331, -0.065665]
Neuronio 20: bias=0.000000 | pesos=[0.214375, -0.231968, 0.010374, 0.239113, -0.133633, 0.224033, -0.208700, -0.261461, -0.263839, 0.186142, -0.126649, -0.017966, -0.232516, -0.095013, -0.060485, -0.239628, -0.265105, -0.257011, -0.037986, 0.061747, -0.212940, 0.240410, -0.262925, 0.205036, 0.223818, 0.245153, -0.008581, -0.171793, -0.125929, 0.155637, -0.046480, 0.069075, 0.117912, -0.268857, 0.141524, -0.084975, -0.063005, -0.205191, -0.149268, -0.074569, 0.052595, 0.066182, 0.151246, -0.133645, 0.060871, -0.202791, -0.265980, 0.136332, 0.078816, 0.238493, -0.064345, 0.020560, 0.236732, -0.061389, 0.247857, -0.206138, -0.082622, -0.262547, -0.231429, 0.004755, -0.044493, 0.256914, -0.223332]

--- Camada 2 (saida, 7 neuronios) ---
Neuronio 1: bias=0.000000 | pesos=[0.236183, 0.135899, 0.385375, -0.118780, 0.385073, -0.044576, -0.191867, 0.146810, 0.455948, 0.045403, -0.079749, -0.339246, -0.324479, -0.342735, -0.345256, 0.318492, -0.060330, -0.020224, -0.016334, -0.135471]
Neuronio 2: bias=0.000000 | pesos=[-0.212273, 0.090482, -0.268332, -0.295762, -0.135139, 0.441249, 0.113348, 0.084504, 0.122070, -0.330218, 0.123111, 0.256908, 0.375283, -0.036816, -0.402398, 0.279553, -0.336790, 0.432709, -0.107553, 0.154377]
Neuronio 3: bias=0.000000 | pesos=[0.149464, -0.054179, -0.404190, 0.099184, 0.272367, -0.225899, -0.446951, -0.150805, 0.162085, -0.034718, -0.368808, 0.031886, -0.059079, -0.403682, -0.178556, -0.418479, -0.245508, -0.008822, 0.194445, -0.122489]
Neuronio 4: bias=0.000000 | pesos=[-0.169302, 0.355165, -0.331435, 0.161453, 0.046900, 0.191487, 0.339363, 0.321994, 0.153086, 0.198735, 0.050192, -0.324006, 0.330099, 0.133839, 0.122770, -0.263314, 0.304396, -0.404596, -0.142965, 0.154301]
Neuronio 5: bias=0.000000 | pesos=[-0.062017, 0.191501, 0.147554, 0.060516, -0.386461, -0.409720, -0.400878, 0.328737, 0.043607, 0.191636, 0.007655, -0.193560, 0.334411, -0.057175, -0.004841, 0.235669, 0.228247, -0.207195, -0.224805, -0.398938]
Neuronio 6: bias=0.000000 | pesos=[-0.088376, 0.228474, -0.056951, 0.123113, -0.182990, 0.023540, -0.118301, 0.243128, -0.330073, -0.195757, -0.457001, 0.029898, -0.049097, -0.359333, 0.235198, -0.338356, -0.370653, 0.307782, 0.333898, 0.467093]
Neuronio 7: bias=0.000000 | pesos=[-0.210327, 0.031991, 0.068420, -0.216396, -0.457091, -0.273127, -0.377937, 0.435297, 0.031164, 0.331596, -0.300153, -0.156377, -0.468997, 0.176170, 0.290129, 0.078228, -0.281493, 0.394283, -0.034290, -0.149945]
